[DEFAULT]
planet = Earth
mu = 3.986004418e14
initial_time = 0.0
final_time = 86400.0
delta_t = 60

[SPACECRAFT]
initial_x = 6700000.0
initial_y = 0.0
initial_z = 0.0
initial_vx = 0.0
initial_vy = 7669.03589
initial_vz = 0.0
